62
98
41
54
71
36
73
19
84
22
65
41
99
29
42
21
67
37
66
34
43
38
81
28
50
2
13
34
4
14
52
20
33
87
77
21
69
32
11
21
11
67
33
64
86
33
36
40
47
0
70
51
95
74
64
65
15
6
31
7
58
10
8
57
96
9
65
31
60
69
0
96
29
4
10
12
6
58
88
29
29
79
85
72
89
68
65
75
59
54
12
87
50
17
74
18
50
90
57
32
13
79
16
73
4
3
86
9
18
48
47
29
26
53
46
95
15
8
86
70
37
32
74
68
64
23
91
77
29
37
5
68
99
28
67
93
97
41
34
21
92
59
35
85
0
35
59
7
83
65
24
64
20
82
83
87
14
70
37
100
37
40
3
69
24
13
31
91
97
96
56
50
43
42
75
36
8
61
40
81
60
80
25
64
33
90
6
7
86
43
70
47
93
54
27
45
80
45
99
93
70
34
18
22
85
41
38
12
41
81
59
60
18
58
9
60
93
80
49
16
73
66
61
62
68
95
72
72
77
44
13
2
96
8
96
80
58
80
84
16
62
48
74
50
69
56
25
18
50
2
90
9
25
86
40
57
28
27
98
85
89
29
8
97
9
42
10
70
76
52
98
19
50
11
81
12
7
77
81
71
32
26
28
83
82
67
35
9
77
58
68
67
93
6
54
6
39
20
73
37
67
15
36
51
40
6
45
52
52
56
90
2
82
27
23
27
17
81
14
50
91
22
90
42
7
64
92
20
51
84
24
14
11
78
62
91
64
45
50
8
84
56
9
46
97
82
30
15
79
98
23
52
65
80
54
66
36
60
80
66
87
15
72
12
83
92
92
55
87
3
32
48
89
52
83
73
74
54
48
93
28
74
30
25
48
100
78
11
8
13
30
1
4
35
38
9
93
44
27
93
56
17
22
53
98
29
76
80
44
90
53
69
84
46
62
4
92
56
43
67
16
96
51
10
24
87
94
44
25
44
6
73
32
72
90
12
26
67
25
82
21
4
46
8
58
22
48
39
82
15
40
21
61
17
89
91
59
30
100
3
81
17
36
73
39
89
80
13
19
34
70
5
33
78
88
21
100
68
58
87
85
29
4
56
88
27
65
42
64
34
53
18
17
95
36
77
96
19
54
30
84
77
0
74
71
37
41
53
35
0
48
100
86
22
61
37
28
93
20
60
74
63
19
47
91
2
79
58
64
36
33
17
38
9
93
2
22
56
14
75
8
80
93
22
30
86
60
3
46
99
52
26
43
69
83
73
93
55
31
73
85
22
37
97
47
8
52
86
19
40
99
77
22
97
35
73
66
66
25
61
68
32
58
98
88
84
77
88
95
44
94
54
19
61
24
53
64
98
54
92
72
18
8
56
77
65
18
41
81
58
86
69
34
80
77
98
25
8
32
92
89
29
41
96
93
28
33
20
72
43
83
48
13
36
23
6
12
12
35
78
43
93
22
33
31
8
25
8
14
2
14
73
24
27
65
48
30
83
21
73
23
41
74
36
41
43
31
13
51
71
61
81
48
27
9
96
38
66
42
59
98
78
65
8
53
7
12
8
2
56
10
19
84
10
53
81
52
83
63
40
32
67
98
91
51
40
47
26
63
67
26
16
41
87
43
48
65
76
27
8
63
44
21
89
66
85
81
42
91
89
38
21
59
10
16
80
11
16
13
14
88
84
81
79
74
12
63
7
35
72
89
6
87
96
19
24
77
97
88
1
84
70
4
52
37
90
94
41
34
43
97
54
4
35
51
63
32
62
39
59
60
53
58
81
17
5
50
74
56
76
17
58
82
1
76
78
12
59
56
84
9
97
36
42
58
82
65
97
95
55
22
20
97
93
11
15
2
5
87
78
16
36
67
16
5
18
77
89
16
28
17
16
52
34
69
63
89
13
76
8
27
13
45
48
8
62
86
95
36
52
63
63
82
65
30
76
77
6
81
5
2
58
21
44
45
85
66
83
68
39
100
17
22
56
57
26
1
29
17
90
98
18
20
33
33
17
34
26
67
87
51
73
91
44
83
56
77
39
71
37
44
81
60
27
41
84
70
59
68
45
85
56
96
87
43
54
46
2
82
30
35
14
82
48
3
12
26
16
85
42
47
26
81
61
24
12
49
75
95
58
23
34
44
15
6
35
4
54
31
80
91
23
69
63
39
98
12
10
29
55
94
81
9
99
95
95
48
14
64
73
88
34
51
85
77
54
13
33
2
4
75
43
38
98
22
19
99
77
72
94
60
61
57
77
76
49
2
79
13
24
